1888
5220
8544
6510
10477
14132
25079
27453
30919
37219
42088
46720
46048
47849
51303
66980
68742
73505
101950
104581
107816
112906
115040
118779
115042
116890
121671
117609
120421
124697
124400
126592
131538
131208
134813
137998
137556
142012
145847
149083
152210
155616
163575
166241
169407
174384
177714
182257
178594
181488
185994
185825
190121
193757
193711
195680
199578
204359
208974
213874
214547
215693
219361
216190
217735
222698
222242
225915
229341
227768
230917
235663
248224
249578
253059
250519
254147
257264
254472
257272
260924
258344
260080
265049
261166
266093
270511
273399
276390
281373
293687
295354
298615
320826
322022
327013
324305
325724
328997
336433
338993
343594
341845
344777
349245
354856
358018
361222
360297
364108
368002
378940
382117
386170
384822
386841
390226
388281
390644
394652
411823
414353
417717
423445
424670
427744
426114
427409
432240
452817
457440
461641
460958
462841
467677
494283
495908
499686
496861
501281
504354
