3041
6175
9863
12841
16649
19737
32212
36340
40235
43464
47857
51945
57104
59188
62390
86547
89289
92341
106434
109553
112725
117995
122682
126627
152392
154843
158258
159307
163198
167416
181193
184713
188133
190395
192398
196022
204217
205354
208786
211474
214744
218057
216833
220467
225434
221423
225195
229922
236557
238910
242913
250413
254321
259117
256424
261419
264462
290830
294409
299177
310573
313072
317071
313389
316798
321487
322934
324758
328841
332161
335163
339948
335970
337830
342067
343581
347717
352022
351300
352576
356110
363814
367651
371742
370246
375075
378373
377877
379277
384049
379357
381222
384834
383312
384801
389656
390847
395191
399708
400296
404443
409048
409152
412233
416465
413979
417528
421204
421956
424216
427266
429551
434270
437526
434292
435815
440282
459969
462883
466421
463521
467381
471139
473410
475553
478940
476559
480783
484757
483132
486911
490901
491640
494875
498586
